# numStates:
8
# numObservations:
14
# defaultProbability:
1.8623465869700046E-44
# Quantizer: Radius
0.6711605127682923
# Quantizer: MAP
0.5774197090372862, -0.46064204449355467, -0.0856130033903217
0.30279785040891444, -0.07696933625030218, 0.270854875123663
-0.1415899032427335, 0.4909613210336232, 0.8367913459150319
-0.44155931604049337, 0.029279000927317545, 0.737255336859996
-0.33291862853011717, 0.1693680835689542, 0.27221685084927005
-0.17395984069318748, 0.02891745899657854, -0.30788870799641643
0.2675525699869836, -0.07911562398725251, -0.464624597692135
1.2454794015663497, -0.12669422253329538, -0.5363221112099651
-0.23786107460071249, 1.10709800159021, 0.2599917245417694
-0.44453591997109404, 1.087564005180395, 0.7892884041712468
0.0046589628663639745, -0.5001288150191093, 0.3267802848823288
0.0896587078276617, -1.0716418382031005, -0.45242873236958964
0.08124069396240811, -0.6133029409275125, -0.7547705545782032
0.1374449971241229, 0.4729170889376344, 0.02845392972589625
# HMM: PI
1.0, 0.0, 0.0, 0.0, 0.0, 0.0, 0.0, 0.0
# HMM: A
0.3333333333333333, 0.3333333333333333, 0.33333333333333337, 0.0, 0.0, 0.0, 0.0, 0.0
0.0, 0.3333333333333334, 0.3333333333333335, 0.3333333333333335, 0.0, 0.0, 0.0, 0.0
0.0, 0.0, 0.33333333333333337, 0.3333333333333334, 0.3333333333333334, 0.0, 0.0, 0.0
0.0, 0.0, 0.0, 0.3333333333333334, 0.3333333333333334, 0.3333333333333334, 0.0, 0.0
0.0, 0.0, 0.0, 0.0, 0.3333333333333334, 0.3333333333333334, 0.33333333333333354, 0.0
0.0, 0.0, 0.0, 0.0, 0.0, 0.3333333333333332, 0.3333333333333332, 0.3333333333333332
0.0, 0.0, 0.0, 0.0, 0.0, 0.0, 0.5, 0.5
0.0, 0.0, 0.0, 0.0, 0.0, 0.0, 0.0, 1.0
# HMM: B
1.0820371156755858E-11, 0.15089163400274574, 0.0013554953403126858, 0.0027435074881920246, 3.049729892746169E-4, 0.002743484238031068, 6.819710767706586E-12, 2.1930164419067444E-13, 0.0019445848151825546, 6.976628664801692E-5, 0.8230452677837237, 1.9126677469496298E-26, 2.930151363965623E-13, 0.016901287037737165
4.67018756996386E-10, 0.47736631404701907, 0.01207398551802242, 0.016461598542952875, 0.0030517273750561426, 0.0164609059145135, 3.124007460323913E-10, 1.1103634861422053E-11, 0.01993526986643187, 0.0011944047927957906, 0.3292181179108234, 2.0160272495789727E-24, 1.4198722017632428E-11, 0.12423767522766312
3.5231157492843085E-9, 0.44993178856175836, 0.022469115886242882, 0.021951575090298603, 0.0061115133407942035, 0.021947878062237473, 2.492697649433476E-9, 9.748585831194721E-11, 0.04285879676332761, 0.0038464001376608196, 0.23045274624333043, 3.610228040396706E-23, 1.1950460459396127E-10, 0.20043017968154578
3.3006027157689215E-8, 0.3336106690390465, 0.05072233611953983, 0.030751843398042635, 0.01471321930802527, 0.030727063238368716, 2.464805773121172E-8, 1.0581276011952222E-9, 0.11692984466807588, 0.015613781908736945, 0.026338029411442844, 7.889422392201432E-22, 1.2444990082393028E-9, 0.38059315295200996
1.8037286550793713E-7, 0.1915589606388306, 0.06766539939603883, 0.02404086479103878, 0.020212064701787765, 0.023943352902170055, 1.4193896474564944E-7, 6.679752614425636E-9, 0.1935810585475679, 0.03723172037277387, 0.011974328959722298, 9.94219643087592E-21, 7.540497313047445E-9, 0.42979191315799004
9.277271566013339E-7, 0.05022727905987859, 0.08286449526178828, 0.012905147955057662, 0.024466346008665464, 0.012542759760404632, 7.682012718841961E-7, 3.9605053613078586E-8, 0.3053055550414409, 0.08342175736540883, 1.2354173518319927E-5, 1.1703892781731192E-19, 4.291655774617231E-8, 0.42825252692379734
2.6000666438103255E-5, 0.013052239263589116, 0.08120293825164085, 0.0058566566829448595, 0.02045572464134387, 0.003092179124980755, 2.6931869393042285E-5, 2.370365605397772E-6, 0.4011757969670013, 0.18760569264729712, 1.7921721197879383E-4, 1.5018443526644548E-14, 1.9984773485834795E-6, 0.2873222538304232
0.06783994604219185, 0.0721947169515348, 0.09607229787730759, 0.11590210422352311, 0.07251843537520174, 0.07878188531643933, 0.09191241647409595, 0.0284492439142954, 0.05266499437088756, 0.08199272508468304, 0.03719788941387963, 0.0393913489485346, 0.08097105226909693, 0.08411094373832846
# END