# numStates:
8
# numObservations:
14
# defaultProbability:
1.338172262481076E-26
# Quantizer: Radius
1.7198290598290598
# Quantizer: MAP
1.7198290598290598, 0.0, 0.0
1.2161027906868127, 0.0, 1.2161027906868127
0.0, 0.0, 1.7198290598290598
-1.2161027906868127, 0.0, 1.2161027906868127
-1.7198290598290598, 0.0, 0.0
-1.216102790686813, 0.0, -1.2161027906868127
0.4800000000000001, 0.584, -1.1723076923076925
0.034736842105263156, 0.9010526315789474, -0.2459514170040486
-0.5263829787234043, 3.067659574468086, 0.9345335515548282
-0.6783098591549294, 1.9836619718309867, 1.5923618634886239
0.0, -1.2161027906868127, 1.2161027906868127
0.30769230769230776, -0.8307692307692308, -0.053254437869822494
0.35245283018867923, -0.2935849056603773, -0.9571843251088538
-0.33562500000000006, 1.8118750000000001, 0.28906250000000006
# HMM: PI
1.0, 0.0, 0.0, 0.0, 0.0, 0.0, 0.0, 0.0
# HMM: A
0.33333333333333326, 0.33333333333333326, 0.3333333333333333, 0.0, 0.0, 0.0, 0.0, 0.0
0.0, 0.3333333333333334, 0.3333333333333334, 0.3333333333333334, 0.0, 0.0, 0.0, 0.0
0.0, 0.0, 0.33333333333333337, 0.33333333333333337, 0.33333333333333337, 0.0, 0.0, 0.0
0.0, 0.0, 0.0, 0.3333333333333333, 0.33333333333333337, 0.33333333333333337, 0.0, 0.0
0.0, 0.0, 0.0, 0.0, 0.3333333333333335, 0.3333333333333335, 0.3333333333333335, 0.0
0.0, 0.0, 0.0, 0.0, 0.0, 0.33333333333333326, 0.33333333333333326, 0.33333333333333326
0.0, 0.0, 0.0, 0.0, 0.0, 0.0, 0.5, 0.5
0.0, 0.0, 0.0, 0.0, 0.0, 0.0, 0.0, 1.0
# HMM: B
0.0, 0.0, 0.0, 0.0, 0.0, 0.0, 0.022930108892614612, 0.007033706469768049, 2.1667109808326126E-5, 7.0149133167710405E-9, 0.0, 0.14814814814814817, 0.8203017832647462, 0.001564579100001326
0.0, 0.0, 0.0, 0.0, 0.0, 0.0, 0.1387322393266609, 0.05543418742626195, 3.938708558089875E-4, 2.3581701605791305E-7, 0.0, 5.334462647419756E-20, 0.7901234567901234, 0.01531600978412865
0.0, 0.0, 0.0, 0.0, 0.0, 0.0, 0.20127916363246356, 0.0959203373469508, 0.001354726093290514, 1.4050716295746898E-6, 0.0, 7.88267984730585E-19, 0.6694101508916324, 0.032034216964033205
0.0, 0.0, 0.0, 0.0, 0.0, 0.0, 0.3414655624989431, 0.2020649517067996, 0.005948113477627008, 1.0458808098650064E-5, 0.0, 1.4253443491183248E-17, 0.3643347050754464, 0.08617620843308514
0.0, 0.0, 0.0, 0.0, 0.0, 0.0, 0.36569936524213315, 0.2586613993413972, 0.015555622670968671, 4.554641696663032E-5, 0.0, 1.489158044687602E-16, 0.21548821548822114, 0.14454985084031322
0.0, 0.0, 0.0, 0.0, 0.0, 0.0, 0.35354011881993525, 0.3065734752996236, 0.03885366687267405, 1.8688627767982256E-4, 0.0, 1.4553372582948693E-15, 0.06270821085640928, 0.23813764187367664
0.0, 0.0, 0.0, 0.0, 0.0, 0.0, 0.24355334398666248, 0.26711911117661585, 0.11546087961457895, 0.0019867599353608914, 0.0, 1.0017882640781077E-11, 0.015312470246413612, 0.35656743503035
0.0, 0.0, 0.0, 0.0, 0.0, 0.0, 0.02667925729848633, 0.07553010250530075, 0.26228059720453456, 0.40453775711360646, 0.0, 0.01994568362902688, 0.0541382841315964, 0.15688831811744863
# END